000000000000000000000000100000000000000000000000000000000000000000000000
000000000000000000000010100000000000000000000000000000000000000000000000
000000000000110000001100000000000011000000000000000000000000000000000000
000000000001000100001100000000000011000000000000000000000000000000000000
110000000010000010001100000000000000000000000000000000000000000000000000
110000000010001011000010100000000000000000000000000000000000000000000000
000000000010000010000000100000000000000000000000000000000000000000000000
000000000001000100000000000000000000000000000000000000000000000000000000
000000000000110000000000000000000000000000000000000000000000000000000000
000000000000000000000000000000000000000000000000000000000000000000000000
000000000000000000000000000000000000000000000000000000000000000000000000
000000000000000000000000000000000000000000000000000000000000000000000000
000000000000000000000000000000000000000000000000000000000000000000000000
000000000000000000000000000000000000000000000000000000000000000000000000
000000000000000000000000000000000000000000000000000000000000000000000000
000000000000000000000000000000000000000000000000000000000000000000000000
000000000000000000000000000000000000000000000000000000000000000000000000
000000000000000000000000000000000000000000000000000000000000000000000000
000000000000000000000000000000000000000000000000000000000000000000000000
000000000000000000000000000000000000000000000000000000000000000000000000
000000000000000000000000000000000000000000000000000000000000000000000000
000000000000000000000000000000000000000000000000000000000000000000000000
000000000000000000000000000000000000000000000000000000000000000000000000
000000000000000000000000000000000000000000000000000000000000000000000000
000000000000000000000000000000000000000000000000000000000000000000000000
000000000000000000000000000000000000000000000000000000000000000000000000
000000000000000000000000000000000000000000000000000000000000000000000000
000000000000000000000000000000000000000000000000000000000000000000000000
000000000000000000000000000000000000000000000000000000000000000000000000
000000000000000000000000000000000000000000000000000000000000000000000000
000000000000000000000000000000000000000000000000000000000000000000000000
000000000000000000000000000000000000000000000000000000000000000000000000
000000000000000000000000000000000000000000000000000000000000000000000000
0000000000000000000000000000000000000000000000000000000011000000000000
0000000000000000000000000000000000000000000000000000001000100000000000
0000000000000000000000000000000000000000000001000000010000010000000000
0000000000000000000000000000000000000000000001010000110100010000000011
0000000000000000000000000000000000000000000000001100010000010000000011
0000000000000000000000000000000000110000000000001100001000100000000000
0000000000000000000000000000000000110000000000001100000011000000000000
0000000000000000000000000000000000000000000001010000000000000000000000
0000000000000000000000000000000000000000000001000000000000000000000000
